-7935342382984170713
-7935342382984170713
-7935342382984170713
-7935342382984170713
-7935342382984170713
-7759702010399769754
-7363385092867342478
-7147212396660054628
-7147212396660054628
-7147212396660054628
-7147212396660054628
-7084161778531419574
-6431140068785875564
-6142909722698967287
-5417830152627538415
-5152117826152252745
-2922835722841048381
-2702159615977838649
-612489341633248099
1697857228553066107
2044634528709655199
2985886910959589177
2985886910959589177
2985886910959589177
2985886910959589177
2985886910959589177
2985886910959589177
2985886910959589177
2985886910959589177
2985886910959589177
2985886910959589177
2985886910959589177
2985886910959589177
2985886910959589177
2985886910959589177
2985886910959589177
2985886910959589177
2985886910959589177
2985886910959589177
2985886910959589177
2985886910959589177
2985886910959589177
2985886910959589177
2985886910959589177
2985886910959589177
2985886910959589177
2985886910959589177
2985886910959589177
2985886910959589177
3778520247808309187
6174435387008366548
6588766574201290628
6705860052843764498
7277817364433630309
7777716725503277883
8543328653566318023
8669429683650835959
