-1013309549574474628
-1040331216039174537
-1071856275991795959
-1071856318955596510
-1076359884214912509
-1103381589347488353
-1107885300644671250
-1143914106252948665
-1152921206727746946
-1157424668912133451
-1166431850986729600
-1179942727193464178
-1193453676384215189
-1238489496565143609
-1242993272287991187
-1247496730178722415
-126100607651682796
-126100629121913262
-1265511270425299232
-1283525694701414074
-1301539878476083348
-1310547266724896516
-1315050690254181910
-1342072464087714205
-1342072644559214524
-1378101261106500852
-1382604766257804252
-1387108387346665698
-1396115736926316111
-1405122876050490814
-1409626484267782911
-1423137321804832459
-144114752753489623
-1450158919571713571
-1459166110233646806
-1468173008840662978
-1477180354137813888
-1495194675325724277
-1499698515469903708
-1544734511743611812
-1549237870852803938
-1553741504839922363
-1585266667871790928
-1603281049217674793
-1612288377327987375
-1643813428667856442
-1652820610746299218
-1666331478353375265
-1693353252202642218
-1720374849966415005
-1733885408332454416
-1742892757908937643
-1747396507860174726
-1747396507862821719
-1765410601426962646
-1796936090876371274
-1823957529741514700
-1832964681736867296
-1832964681757737306
-1837468487549597615
-1850978977167701716
-1850979088838461296
-1878000832657600049
-189150826336608073
-189150959480697660
-1936547438806653704
-1945554672421143836
-1950058186149202541
-1954561768596698436
-1968072846691550031
-198158017011189302
-1986087081966263909
-1995094276912192320
-1999597876540098281
-202661835672523376
-2026619396994355094
-2031123185647501944
-2040130483643926261
-2049137532570164706
-2058144671695459579
-2067151780756925381
-207165383759880593
-207165392399581862
-2071655659556032382
-2089669757417805112
-2094173657692893966
-2098676991032331665
-2130202188426174834
-2152720152200993250
-2233785143079945947
-2269814043160408549
-2283324575754442088
-2296835606596706489
-2328360563448154548
-2346374966256622825
-2346375232553665720
-2350878557282677757
-2400418410930253131
-2404921774292308913
-2418432830891977096
-2422936194272468010
-2449957916605187610
-2463468698288713848
-2467972448239442960
-2490490296052484088
-2535526421175416016
-2576058581608622021
-2603080149297780240
-2603080394138227284
-2630101918890787759
-2634605333804848936
-2652619822508265204
-265712058658971146
-2661627021762986716
-2697656003480291618
-2702159457066572101
-2738188103759144770
-2751699014310421807
-2774216900780919964
-2801238799191717793
-283726577425176205
-2837267445905197629
-2841771045525944873
-2877799760939402622
-2886807153455553882
-2895814159436600988
-2922835886058529075
-2936346732176600552
-2940850353310191355
-2954361156459975967
-2999396882147152121
-3003900498955339894
-3003900550493490999
-3035426001288241405
-3048936478051041444
-3053440180754284244
-3057943677302758530
-3057943947885405590
-306244455302941447
-3089469196816577234
-3166030102719289734
-3175037568261897513
-3202059161746872461
-3220073461466997509
-3229080540474589929
-3233584174439062005
-3247095123667019317
-3260605716389620413
-328762603763673251
-3310145290795299485
-3314648907619637841
-333266173328287456
-3341670556906024663
-3359685092909039571
-342273424120706120
-3436246217800274170
-3449756844888383616
-3476778545727097931
-3517311036879502857
-3548836324459142185
-3575857677410638280
-3584865104287742961
-3593872273513884695
-360287500507540648
-3629901066238092579
-3643411886595295138
-3656922599541409841
-3670433471439918492
-3697454927468294094
-3742491121310466129
-3810045059892950100
-3810045124310949105
-3832562847569910905
-3832563075203178215
-3864088113681179577
-3877598921153151574
-3882102709758934418
-3909124041235205351
-3909124157199348087
-3913627894283847058
-3940649315936229646
-4003699749374091116
-4039728464789836323
-4053239482722116590
-4066750011013331498
-4075757343414994500
-4075757463674940874
-4080260943056623989
-4084764495422145554
-4098275500462696719
-4120793511484411831
-4125297059572212165
-4138807622233908406
-4152318446894094421
-4161325586010479930
-4165829400393290051
-4174836496559498818
-418834617785900304
-4192850882199982484
-4224375980791427221
-4228879902542728539
-423338045615226472
-4233383330370016834
-4242390679948611481
-4255901246910213946
-4255901500309827578
-4260404846530818743
-4287426525898458050
-4305440945882848399
-4305441018950231794
-4314447990518706582
-4323455417406687147
-4327959072868645918
-4332462642435521667
-4336966005838921051
-4341469846047952697
-4363987569239910185
-436848938985968093
-4400016387734034411
-4445052379728506360
-4445052474201729083
-4454059604758335163
-4467570510993289360
-4476577628643640844
-4481081331352743985
-4490088646620107161
-4544131666003841227
-4571153255186118869
-4580160351353675489
-4607182211110884245
-4679239787968975849
-4679239852393472853
-4679239865285568739
-4697254186478463807
-4719772227665760105
-4724275608154562848
-4728779242136388897
-4742290032445664523
-4742290238617492034
-4755800754000972208
-4755801007405724796
-4805340641959833955
-4823355044773178243
-4850376432075097389
-4868391002451742283
-4881901827035224756
-4886405237684014639
-4890908760002105880
-490892198938923669
-4908923364731946873
-4917930585399910143
-495395802869748431
-4962966620327858348
-4971973656397750766
-4980980829858804672
-5003498750686346987
-5003499016974659051
-5008002350313590114
-5012506186164199182
-5017009802981305488
-5035024051179553790
-5039527835468024999
-504402989231075150
-5057542173847944082
-5107081658079888101
-5116088969003766135
-5120592628770533410
-5125096043723826046
-5134103384737359388
-5143110416444655940
-5147614174989279275
-5156621318454175392
-5174635588072604008
-5201657134290722829
-5224175201158255356
-5237686068752438558
-5237686279286922178
-5251196717307778253
-5278218293596098352
-5300736308912844494
-5323254307049690277
-5350275990713222849
-5350275999314784161
-5372794036094800567
-5390808494746698038
-540431550037612812
-5431340951509641748
-5449355100911923034
-5449355392975048250
-5489887519040925206
-5503398378043845313
-5530420117547010128
-5557441582166941798
-5561945087303520635
-5566448991870472473
-5593470495179132958
-5602477711579924482
-5629499305078316259
-5638506375463800648
-5638506564441405601
-567453104844027937
-5679038810759262437
-5697053209265428289
-5701556675748825327
-5706060408520525965
-5724074691065532359
-5724074725425283787
-5733082178083084224
-5755600124680321821
-5773614673592981324
-5787125352136684871
-5814146821051892538
-5827657718718514690
-5836664797719784841
-5841168358686649225
-5854679316483265525
-5886204260485439109
-5899715153842394732
-5913225939853768328
-5935743950861690706
-5953758280658055405
-5962765587285988779
-598978581405862791
-5989787335368539183
-5998794311301921091
-5998794332777808614
-6003297855080327385
-6003298121375689368
-6003298134250474963
-6007801703815016679
-6016808903067936277
-603482052184219866
-6043830341918260522
-6070851999812013181
-607985630336775949
-6093370096733108776
-6097873726434289781
-6106880642214479126
-6115888133524667796
-6160924091143672373
-6174434619442849603
-6201456479200081076
-6223974460158271956
-6232981659412111746
-626000123335525156
-6278017582685960795
-6287024631604810570
-6296031959707425704
-630503478149750155
-6309542780071074603
-6318549919187874601
-6350075004910258564
-6368089553743608934
-6368089553743623552
-6404118312108529498
-6417629299969970461
-6426636310249388902
-6431139909872076345
-6440147259492293452
-6444650700166096721
-6458161499046509690
-648517945381016501
-648518177306956799
-6485183045289268574
-6489686821023070793
-6494190515121591584
-6503197701504462025
-6512204643055766412
-6539226292341711278
-6539226421229943953
-6552737056861461901
-6570751536975267627
-6579758654627239559
-6579758697576410573
-6588766017148803080
-6593269487870304693
-6611284053885324236
-6656319951373554398
-6669830728787221040
-6687845088644529100
-6728377635603051057
-6737384607224090643
-6737384860639423439
-67553696546127422
-675539745006899730
-6786924478002839832
-6791427785572471055
-6795931479689118740
-6800435238230261042
-6809442278571346740
-6822953210651247354
-6827456677080697442
-6831960362628222908
-6836463781846182707
-6836463799028903282
-6867989142468750368
-6895010577018579706
-6908521779687574409
-6917528858606680655
-6976075503438851578
-6998593419971125473
-7003097036790110638
-7012104184493490479
-7034622298605794081
-7039125919697279280
-7048132981514185754
-7052636808773074396
-7061644055272476243
-707064972462734900
-7138205042779329541
-716071974148990367
-716072193192337454
-7187744707399900469
-7228277082576094703
-7232780600594659299
-725079328046298896
-7322852833659952397
-7354377721813892844
-7358881622089356294
-7363384955437261995
-7367888829933883014
-7376895999161474203
-7385902970761840228
-7399414018735331815
-7408421179335978721
-7417428417244810964
-7421931750584218724
-7421931784943922274
-7453456913616030097
-7453456947984153653
-747597339044343307
-7489485860974032785
-7489485955448146380
-7512003743131582855
-7512004030896171797
-7525514752467118851
-7534521792814570450
-7552536376003504235
-7552536427546730059
-7557039876855470647
-7561543545225354562
-7566047226451198290
-7602076014863305227
-7683140709367190440
-7692148015989247647
-7732680399750679674
-7768708990611720685
-7791227186316550069
-7795730794533847911
-7804737993788612087
-7813745055624260608
-7818248784080769028
-7849773736674201302
-7849773792497831921
-7858780983158629798
-7858781030403229292
-7867788379981853796
-7872291696141409150
-7872291979610003257
-788129727100701455
-7908320510340186910
-7908320570493636330
-7953356644067358018
-7962363821832804516
-7980378237533318600
-7984881940228726346
-8016407124742190020
-8025414375529800738
-806143880797386022
-8065946707751592172
-8097471746235555904
-8101975281432858713
-81064357970291729
-8106478971253946995
-8147011526814073852
-8174032888356411405
-8174032965664496408
-8192047252506049994
-8223572467076297158
-8228076049526381746
-8237083489325038480
-8237083493593848762
-8273112290616681663
-8300133815360418317
-8340666340855749754
-8354177006621635355
-8358680760840060231
-8372191271961023118
-837669383131358845
-837669383133294196
-8399212947033021682
-8399213157486418841
-8412723780294349052
-8412724012274022417
-8471270725774742571
-8538824509715824598
-8547831923714923840
-85568339920439026
-855683768756022510
-855683768756974981
-8574853255191022131
-8583860656359222441
-8592867688065894151
-860187162230754737
-8601875119243258859
-8619889504876474475
-8651414715144292709
-8660421880068180608
-8696450427950876526
-8700954207977432208
-8709961467369820408
-8727975870154919064
-8750493915536589479
-8754997506573836494
-8782019117235053385
-8804536801827344940
-8827054903043272993
-8836062205407667210
-8836062256940345365
-8836062265550706167
-8840565633205886613
-8858580267938604275
-8872091084081213680
-8881098304730942798
-8899112462731488720
-8903616165428025872
-8912623227243809980
-8975673737991120829
-8984680890005399501
-9002695357238804540
-9007000155574990
-9007000155582682
-9011702535010115035
-9016206250630442139
-9020709755739809163
-9029716800375609240
-9061242010668363269
-9079256490765947915
-9083760047443960561
-909726766718587979
-909726917039746520
-9101774622046777029
-9110781619450404752
-9128796146800434933
-9146810373507701518
-9146810545306057474
-9164825042599761329
-9178335880136605845
-9182839187706197725
-9196350119732765512
-9200853990016501966
-950259137603122948
-950259309399432965
-963770000899033637
-981784249086065462
-995295305732487795
-995295327168290937
1008806721778557483
1017813714884899980
1017813723474864233
1062849723998829185
1067353564189049068
108086826379266010
1098878456572158761
1116892932455606121
1121396489119690066
1143914706314692119
1215972257391949847
1220475951517659749
1229483167954268712
1238490105215993007
1238490216867503433
1252000968514889651
126101147578540202
1319554898508640445
1328562114943273291
1328562291036767108
1333065942203902659
1355583656872930881
1391612453890966070
1409626908235948876
1409627002723393468
1427641250898212202
1450159549695401475
1454663149322795026
1486188174915682994
1504202444576138891
1508706100037580020
1526720562948065346
1544734970071489215
1549238440824801427
1549238629816627929
1558245923572427462
1589771026474743728
1603281842514488323
1612288827043116523
1648317761490313710
1670835733863549299
1688850179621786496
1706864625376014852
1711368216413781916
1720375226689929572
1733886016982096903
1778922051910512178
1805943684003184470
1819454397017275739
1841972682916114498
1882504963599119637
1909526608608013441
1968073227618619186
1995095070247145750
1995095104606900371
2004102192192844330
2080663072252932869
2121195593525933828
2161728273621554608
2193253208993733367
2206764115294933332
2238289308365627191
2242792895111470111
225180128928082532
2260807237808952366
2274317980855720588
2278821760856902932
2278821863948822306
2287829063206480860
2328361189253800504
2341872035366168474
2400419049593773158
2404922520374132408
2409425999742410537
2422936957533260275
2427440651654932025
2440951171341158206
2454462004606014741
2472476493309826241
247698393337822718
2481483542231856214
2485987141863759284
2490490801624987553
2499497992289793888
2504001596174905208
2522016226643764984
2549037747102139215
2562548485857227288
2571555569076202982
2598577132552363587
2607584619569890071
2616591582601421139
2616591750100898740
2625598837684899000
2634606006880207460
2639109700997366800
2639109816961466807
270216430144458884
2715670782993047613
2720174644613553446
2729181543220918074
2729181581875092070
2760706890936097814
2792232182800188352
2846275262381577682
2864289510567206374
2868793187500434983
2877800322334210692
2877800481231248803
292734273662307055
2931843676757414997
2940851009174048801
2985887001152607819
3062447907056414987
3066951515267980174
3066951781561654181
3084966180071166734
3089469736730371903
3093973181724278814
3125498422082056542
3139009298290204246
3139009366997869235
31525495271708544
3157023507821119294
3161527322189593754
3175038172618603468
3179541634806986669
3184045303153855971
3215570539191610369
3253322617
3260606513990372716
328762933242526715
3328160332315891952
3337167772084814449
3355182088993908971
3409225353241264514
3467772032433520566
3485786314936947276
3512808028706776618
351281137537826539
3526318977911394953
3553340403878739030
3566851103976483868
3589369303974319850
3602880171578534289
3634405218646250774
3679441098892937371
3683944930507803553
3692951863478214359
369295377133490054
3706462718191526428
3728980716331734080
3737988010064067242
373798938106177514
3742491760027002657
3746995247982536810
3778520406722094946
3783023868897277886
3787527721940948629
3792031321555448124
3801038310324753901
3805542137626324872
3814549203741056054
3814549276733633069
3850577828961359948
3859585182821903874
3886606690383730254
3909124890379538307
3945153592934811164
3954160822239610167
3958664456215823540
3963168030096996759
3972175070439942092
3981182278284610763
4003700516935796533
4012707634589980224
4053239825074658791
40532716001426747
4089268609211970506
4111786929471387703
4125297693993718157
4143311856279975531
4147815657770848629
418834912905006649
4210865820593116675
4224376885793994253
4228880257789886520
4314448801033888926
4341470398794474791
4341470398798145502
4354980987223331615
4363988246611139016
4382002791136385704
4395513396758094726
4436045840649075400
4440549393031763088
4445053233177312081
4463067434074069151
4476578211428538565
4490088976046086229
45036448775937729
4535125023858930553
4553139572681161172
4566650491835795951
4575657390442827344
4616189984648843691
4674736865695837766
4719772767497248641
4728780061241252646
4769312165829782273
4769312457883138435
477382013003505351
4782823205227560438
4814348385435338276
4823355425782770114
4827859158554134494
4836866207485028718
4841369759867312188
4854880919521966624
4872894957259365776
4872895021683841280
4872895266496984135
4895413230269413822
4922434690599375038
4935945390694292241
495396016291041183
495396166699867145
4962967087245497257
4976477813113366742
4985485222810070942
4998995643676463211
4998996025979147905
5008003083519432914
5026017542158457078
5039528341040569597
5048535351316722363
5057542580632252638
5080060814994084725
5093571411958912515
5102578568256834538
5129600445257091867
5138607532842730195
5138607575792342563
5165629070458800096
5165629139196866612
5174636329861679867
5179140019682883354
5183643623605705665
5188146931174600355
5224175736784168397
526921205090911131
5278219164240855498
5305240568731007253
5345773124280014466
5363787514199082512
5377298167038076807
5386305353434298067
5399816388518192598
5476377354571622443
5485384493696823580
5485384759959132114
5489888415446737851
5494391705835217039
549439379408182209
5512406142998646098
5516909862887112332
553942953265737484
5543931542230222551
5552938775869928748
558446613010168362
5611485304695357364
562950362964127984
5647514252075408075
5652017804450850075
5715068130488471892
571957300235612142
5733082623523308450
5755600548648457781
5791629392902708076
5809643821476854334
5823154710549012964
5836665586754277354
5841169036054070434
5850176316915692682
5854679723270778292
5854679749014060413
585468112002632072
5886204937842204616
5899715659414909693
5913226630095729815
5935744477908713173
5940248275104583853
5967269907228528550
5967269958768145940
5989787871005653424
598978975307565345
6012305933553282715
603482802566786920
6039327531325886889
6084363265611936932
6097874094558351756
6097874094558537726
6097874214817903718
6097874347947439891
6115888651982088750
6115888651982104085
6129399528172609217
6147413905203107023
6169932010714039642
6214967702022955298
6219471254404432899
6232982087643591167
6241989231095095673
6250996451823296944
6250996516208935927
6255500180297923171
6282521949863944452
6291529037449531104
6296032486753063390
6309543435959026451
6318550596551963252
6327557624013418838
6350075841195300600
6390608096107742296
6422133426640876422
6458162099045266657
6485183662512678660
6516708958688534416
6530219620131678737
6552737506519477736
6593270023480980936
6611284413421679095
6629299121166464173
6642809902873709349
6692349245368623173
6692349404274551295
6701356393080017401
6701356405971763018
6701356715209395981
6705860014189052399
671036513511811482
671036745440760525
6741888854123624889
6750896100616023698
6755399588615332474
6755399678782318502
67554292294002536
6809443037546839336
6867989729623415807
6886004188262480869
6890507727760221261
6935543724032665472
6935543861472948665
6976076292478834176
6980579789027184726
7003097589594992431
7012104969220539447
7030119488007441706
7057141051411934276
7066148267846373842
707065353475772087
7097673332094152199
7097673336371633415
711568931601798915
7201255964607047388
7214766802080179151
7277817145390159950
7291328116071099716
729583338733213446
729583540591815797
734087097271856729
7345371191340482555
7372393008128470702
738590774211127370
7394910813011326904
7394910946154255534
7399414395458437544
7421932638408808797
7444450344487891562
7457961216363942424
7475975748037918752
7489486461006306183
7502997126758830910
7502997186888338678
7525515176435288685
7525515412658474306
7525515429838316103
7534522384279979057
7543529768203071860
7548033135917400499
7561543921914504560
7579558621069917509
7588565532563730916
7597572834867301726
7615587138917866343
7620091039192985792
765612105687376825
7665126773446955553
7674133989907563439
7678637834348799651
7683141163390383361
7732680961157782028
7750695411206394322
7755199010834249058
7777717008971081106
7782220428205493730
7782220557058862264
7800234762294791667
7818249177984143557
7818249255286133049
7818249311119369698
7831759899556861375
7831760221674920332
7836263554983148326
7849774349605958900
7858781716364197696
7867788756704930739
788130370112202597
7912824705734438689
7921832145506117401
7926335663530321814
7930839413479969969
7939846440937598163
7980378811800132798
8011904056449404726
8056939893810290844
8074954395369269038
8083961762152062297
8088465378964390571
810648235095726770
8169530125012711367
8187544291590019138
819655541728277386
8201055146310645462
8219069544816334069
8246091387397492497
8250594969845012170
8336163143686557692
8363184715716108505
8376695454468685356
8376695604792534859
8381199376218579132
8421731820104441995
8480278456351621095
8484782167647243238
8493789216577113192
8538825062528728862
8565846892221319612
8601875732183785990
8606379035464601640
8615386312026101274
8624393446858977627
8646911582433807647
8664925882157566246
8700954627639355874
8718969090560080300
8727976427249144637
8736983678061380467
8804537724011569344
8813544790122312134
8822551963578989762
8845069966032201778
8867588067254592703
8890106022441020698
8894609733737784658
8903616761194883602
8917127714695734790
8948652607144713080
8989185025232001973
9002696107615856739
9007199509664075848
900720244831588801
900720244831835547
9083760883728657740
9092768082981602575
909727323828031685
9106278890446287288
9110782271036880477
9110782447133150390
9119789603438235852
9128796592239560872
9137803791494299189
9146811012223892525
9151314912496757808
9160321841170757557
9160322043027943737
9169329049014688611
9191847274785570315
9200854336601360587
990792121382838546
995295837007131460
